Capacitor
* START SAMPLES
-943
-999
-1015
-1019
-1020
-1021
-1021
-1021
-1021
-1021
1023
428
166
67
30
16
11
7
6
5
0
-626
-889
-976
-1004
-1012
-1016
-1018
-1018
-1019
1023
405
145
54
22
12
8
5
4
3
0
-626
-889
-976
-1004
-1013
-1015
-1017
-1017
-1018
1023
404
144
53
22
11
7
4
3
3
0
-624
-887
-975
-1003
-1012
-1016
-1017
-1018
-1019
1023
403
143
53
22
10
7
5
4
3
0
-624
-887
-975
-1003
-1012
-1016
-1017
-1018
-1018
1023
403
143
53
22
11
6
5
4
3
0
-623
-886
-974
-1003
-1012
-1016
-1017
-1018
-1019
1023
403
143
52
22
12
7
4
5
5
0
-623
-886
-974
-1002
-1012
-1016
-1017
-1018
-1018
1023
403
143
52
22
10
7
5
4
3
0
-623
-886
-974
-1002
-1012
-1015
-1017
-1018
-1018
1023
403
143
52
21
11
7
5
4
2
0
-623
-886
-974
-1002
-1012
-1015
-1017
-1018
-1018
1023
380
134
49
21
10
5
4
3
2
0
-623
-886
-974
-1003
-1012
-1016
-1017
-1018
-1018
1023
404
143
53
22
11
6
5
3
3
0
-647
-894
-977
-1003
-1012
-1016
-1018
-1018
-1018
1023
404
143
52
22
11
6
5
4
2
0
-621
-885
-974
-1002
-1012
-1015
-1017
-1019
-1019
1023
404
142
52
21
11
7
5
4
4
0
-621
-885
-974
-1002
-1012
-1015
-1017
-1018
-1019
1023
404
143
52
22
11
7
5
3
3
0
-622
-885
-974
-1002
-1012
-1015
-1017
-1018
-1018
1023
404
142
52
21
11
6
5
3
2
0
-622
-885
-974
-1002
-1012
-1015
-1017
-1018
-1018
1023
405
143
52
22
11
6
5
3
2
0
-623
-885
-974
-1002
-1012
-1015
-1017
-1018
-1019
1023
404
143
52
21
11
7
5
2
3
0
-621
-884
-973
-1002
-1012
-1015
-1017
-1018
-1018
1023
404
142
52
22
11
7
5
4
3
0
-620
-884
-976
-1003
-1012
-1015
-1017
-1018
-1018
1023
404
142
51
21
10
5
4
4
3
0
-619
-882
-972
-1002
-1012
-1015
-1017
-1018
-1018
1023
404
142
49
21
10
6
5
4
3
0
-621
-884
-973
-1003
-1012
-1015
-1017
-1017
-1018
1023
404
142
52
21
11
7
5
3
2
0
-621
-884
-973
-1002
-1012
-1016
-1017
-1018
-1018
1023
405
143
51
22
11
7
5
4
3
0
-623
-886
-975
-1002
-1012
-1015
-1017
-1018
-1018
1023
404
143
52
21
10
7
5
4
3
0
-620
-884
-973
-1002
-1012
-1016
-1017
-1018
-1018
1023
405
143
52
21
10
7
5
3
3
0
-620
-883
-973
-1002
-1011
-1015
-1017
-1018
-1018
1023
404
142
51
21
10
6
4
3
3
0
-618
-883
-971
-1000
-1011
-1015
-1017
-1017
-1018
1023
405
143
52
21
11
7
4
4
3
* STOP SAMPLES
* START SAMPLES
-1021
-1021
-1022
-1021
-1022
-1022
-1022
-1022
-1022
-1022
1023
426
166
66
31
17
10
8
7
5
0
-655
-901
-981
-1005
-1013
-1016
-1018
-1018
-1019
1023
401
143
54
23
13
8
6
5
4
0
-632
-892
-978
-1005
-1014
-1016
-1018
-1018
-1019
1023
400
142
53
22
11
7
5
4
2
0
-628
-891
-976
-1004
-1012
-1016
-1017
-1018
-1018
1023
400
142
52
22
12
7
4
4
3
0
-626
-889
-976
-1003
-1013
-1016
-1017
-1018
-1019
1023
401
142
52
22
11
6
4
2
3
0
-624
-888
-975
-1002
-1011
-1014
-1017
-1018
-1018
1023
401
142
52
22
11
6
5
3
2
0
-626
-888
-975
-1003
-1012
-1016
-1017
-1018
-1019
1023
402
142
52
22
11
7
4
4
3
0
-626
-888
-976
-1003
-1012
-1016
-1017
-1018
-1018
1023
401
142
51
22
11
7
5
5
4
0
-628
-889
-978
-1004
-1013
-1017
-1019
-1018
-1019
1023
401
142
51
21
11
7
5
4
3
0
-625
-887
-975
-1003
-1012
-1016
-1017
-1018
-1018
1023
401
141
48
20
10
7
5
4
3
0
-624
-887
-975
-1002
-1012
-1015
-1017
-1018
-1019
1023
402
142
51
21
9
6
4
3
2
0
-622
-886
-974
-1003
-1012
-1015
-1016
-1016
-1018
1023
402
142
51
21
11
7
5
4
3
0
-624
-886
-974
-1003
-1012
-1015
-1017
-1018
-1018
1023
403
142
52
22
11
7
5
4
3
0
-624
-887
-974
-1003
-1012
-1015
-1017
-1018
-1019
1023
401
142
51
21
10
7
5
4
4
0
-625
-887
-974
-1003
-1012
-1016
-1018
-1019
-1020
1023
402
141
51
21
10
6
5
4
3
0
-624
-886
-974
-1003
-1013
-1016
-1017
-1018
-1019
1023
403
142
51
21
11
6
5
3
3
0
-646
-894
-977
-1003
-1013
-1015
-1017
-1018
-1018
1023
403
142
52
21
10
6
3
3
3
0
-621
-885
-974
-1003
-1012
-1015
-1016
-1017
-1017
1023
397
139
51
21
11
6
5
4
3
0
-622
-885
-974
-1002
-1012
-1015
-1017
-1018
-1018
1023
403
142
50
21
11
7
5
4
3
0
-623
-886
-974
-1002
-1012
-1016
-1017
-1018
-1018
1023
402
142
51
21
11
7
5
4
3
0
-623
-885
-974
-1002
-1012
-1016
-1017
-1018
-1019
1023
403
142
52
21
11
6
3
3
3
0
-623
-885
-974
-1003
-1012
-1015
-1017
-1018
-1018
1023
403
142
50
21
11
6
4
3
2
0
-621
-885
-974
-1002
-1012
-1015
-1017
-1018
-1018
1023
404
143
52
21
11
6
4
4
2
0
-621
-885
-974
-1003
-1012
-1016
-1017
-1018
-1018
1023
404
143
52
21
10
6
5
4
3
0
-621
-884
-974
-1003
-1012
-1015
-1017
-1018
-1018
1023
404
134
49
20
10
6
4
3
3
* STOP SAMPLES
* START SAMPLES
-1021
-1022
-1022
-1021
-1021
-1021
-1022
-1021
-1022
-1021
1023
426
166
67
31
17
10
8
7
5
0
-632
-892
-978
-1004
-1013
-1016
-1017
-1018
-1019
1023
401
142
53
23
11
7
6
4
4
0
-629
-891
-977
-1004
-1013
-1016
-1018
-1018
-1019
1023
401
143
53
22
10
7
5
4
3
0
-628
-890
-976
-1004
-1012
-1016
-1017
-1019
-1018
1023
401
142
52
22
11
6
5
4
3
0
-627
-890
-976
-1004
-1013
-1016
-1017
-1019
-1018
1023
402
143
54
22
12
7
4
4
3
0
-626
-889
-976
-1003
-1013
-1015
-1018
-1018
-1019
1023
401
142
52
22
11
7
5
4
3
0
-626
-888
-975
-1003
-1012
-1016
-1017
-1018
-1018
1023
402
134
49
21
10
7
5
4
3
0
-626
-888
-975
-1003
-1011
-1015
-1016
-1018
-1019
1023
401
141
50
20
10
7
5
4
3
0
-626
-896
-978
-1004
-1012
-1016
-1017
-1018
-1019
1023
402
142
52
21
11
7
5
4
3
0
-625
-888
-975
-1003
-1012
-1015
-1018
-1018
-1019
1023
402
142
51
21
11
7
5
3
3
0
-624
-888
-975
-1004
-1013
-1016
-1017
-1019
-1019
1023
403
143
52
23
12
7
4
3
3
0
-624
-887
-975
-1003
-1012
-1016
-1017
-1018
-1018
1023
403
142
51
21
11
7
5
3
3
0
-624
-886
-975
-1002
-1012
-1015
-1017
-1018
-1018
1023
402
142
52
21
11
6
5
3
3
0
-624
-887
-974
-1002
-1011
-1015
-1016
-1017
-1018
1023
402
142
51
20
9
6
4
4
3
0
-623
-886
-973
-1002
-1012
-1016
-1017
-1018
-1018
1023
403
142
51
21
11
7
4
4
3
0
-623
-886
-974
-1004
-1012
-1016
-1017
-1018
-1018
1023
403
142
52
21
11
7
5
4
3
0
-623
-886
-974
-1002
-1013
-1016
-1018
-1018
-1020
1023
402
142
52
21
11
8
5
4
3
0
-622
-886
-974
-1002
-1012
-1015
-1017
-1018
-1018
1023
402
143
51
22
11
7
5
4
3
0
-622
-885
-973
-1002
-1012
-1016
-1017
-1018
-1018
1023
403
142
51
21
11
6
4
4
3
0
-623
-886
-974
-1002
-1012
-1015
-1016
-1017
-1018
1023
403
142
52
21
10
5
4
3
3
0
-622
-886
-974
-1002
-1012
-1015
-1017
-1018
-1019
1023
403
143
51
21
10
6
5
4
3
0
-622
-885
-974
-1003
-1012
-1016
-1017
-1018
-1018
1023
404
142
51
22
11
6
4
4
3
0
-621
-885
-973
-1002
-1012
-1016
-1017
-1019
-1019
1023
404
143
50
21
11
7
6
5
3
0
-646
-893
-976
-1003
-1012
-1015
-1017
-1018
-1018
1023
404
143
52
21
11
6
5
3
3
0
-622
-885
-973
-1002
-1012
-1015
-1017
-1018
-1019
1023
380
134
49
20
10
6
5
3
3
* STOP SAMPLES
* START SAMPLES
-1022
-1021
-1022
-1022
-1022
-1021
-1021
-1021
-1021
-1021
1023
426
166
67
31
17
11
7
5
4
0
-631
-893
-978
-1005
-1013
-1016
-1018
-1018
-1019
1023
401
143
54
23
12
8
6
5
4
0
-629
-891
-977
-1004
-1013
-1016
-1017
-1018
-1019
1023
401
143
52
22
11
7
5
4
3
0
-627
-890
-976
-1004
-1013
-1016
-1018
-1018
-1019
1023
377
134
48
21
11
7
5
5
5
0
-627
-889
-976
-1003
-1012
-1016
-1017
-1018
-1018
1023
401
142
52
21
11
7
5
4
3
0
-650
-897
-978
-1004
-1013
-1016
-1017
-1018
-1018
1023
401
142
52
21
11
6
5
4
3
0
-626
-889
-975
-1003
-1012
-1016
-1017
-1017
-1018
1023
402
143
52
22
11
7
5
3
2
0
-625
-888
-976
-1003
-1012
-1016
-1017
-1018
-1018
1023
402
142
52
21
11
7
5
3
3
0
-625
-888
-975
-1003
-1012
-1016
-1017
-1018
-1018
1023
402
142
52
21
11
5
5
4
3
0
-624
-887
-975
-1003
-1012
-1015
-1017
-1018
-1019
1023
402
141
51
21
11
6
4
4
3
0
-623
-886
-975
-1003
-1012
-1016
-1017
-1018
-1018
1023
403
142
52
22
10
7
5
4
3
0
-623
-887
-974
-1003
-1012
-1016
-1017
-1018
-1018
1023
403
142
52
21
11
6
5
4
3
0
-624
-887
-977
-1004
-1012
-1016
-1017
-1018
-1018
1023
402
143
52
22
11
6
5
4
3
0
-626
-888
-975
-1003
-1013
-1015
-1017
-1018
-1018
1023
403
142
49
20
10
7
4
3
3
0
-623
-886
-974
-1003
-1012
-1015
-1017
-1018
-1018
1023
403
142
52
21
11
5
5
4
3
0
-622
-886
-974
-1002
-1012
-1015
-1017
-1018
-1018
1023
403
142
51
20
10
6
4
3
3
0
-621
-884
-973
-1002
-1012
-1016
-1017
-1018
-1018
1023
403
140
52
21
11
6
5
3
3
0
-622
-885
-974
-1002
-1012
-1015
-1017
-1017
-1018
1023
403
142
50
21
11
6
5
3
2
0
-623
-886
-974
-1002
-1012
-1015
-1017
-1018
-1019
1023
404
143
52
22
12
7
5
3
3
0
-624
-887
-976
-1004
-1012
-1015
-1017
-1018
-1019
1023
403
142
52
21
10
6
5
3
3
0
-646
-894
-977
-1003
-1012
-1016
-1017
-1018
-1019
1023
404
141
52
22
10
6
4
4
3
0
-621
-885
-974
-1002
-1012
-1016
-1017
-1018
-1018
1023
399
140
51
21
9
6
4
3
3
0
-619
-884
-973
-1001
-1011
-1015
-1017
-1018
-1018
1023
404
143
51
22
11
7
5
4
3
0
-621
-884
-973
-1002
-1012
-1015
-1017
-1018
-1018
1023
404
142
51
21
11
5
5
3
3
0
-622
-885
-974
-1002
-1012
-1015
-1017
-1018
-1018
1023
404
143
52
20
11
7
6
4
3
* STOP SAMPLES
* START SAMPLES
-1021
-1022
-1022
-1022
-1023
-1023
-1022
-1023
-1022
-1022
1023
403
156
64
30
16
11
8
6
6
0
-630
-893
-978
-1005
-1013
-1017
-1018
-1018
-1019
1023
402
144
54
23
12
8
6
4
4
0
-633
-893
-978
-1004
-1013
-1016
-1018
-1018
-1019
1023
401
143
52
22
10
6
4
3
3
0
-625
-889
-976
-1003
-1011
-1015
-1017
-1018
-1018
1023
402
143
53
22
11
6
5
4
3
0
-627
-889
-976
-1003
-1013
-1016
-1017
-1019
-1018
1023
401
142
52
22
11
7
5
4
3
0
-627
-889
-976
-1003
-1012
-1016
-1017
-1018
-1019
1023
402
142
52
22
11
7
5
3
3
0
-629
-890
-976
-1004
-1013
-1017
-1018
-1018
-1018
1023
402
142
52
21
11
6
5
4
2
0
-625
-888
-975
-1003
-1012
-1016
-1017
-1018
-1018
1023
403
142
52
22
11
7
5
4
3
0
-625
-888
-975
-1003
-1012
-1016
-1017
-1018
-1019
1023
402
142
52
21
10
6
4
3
2
0
-622
-895
-977
-1003
-1012
-1015
-1016
-1017
-1019
1023
402
142
52
22
11
7
5
4
3
0
-624
-887
-975
-1003
-1012
-1016
-1017
-1018
-1018
1023
401
134
49
21
11
6
5
4
3
0
-624
-887
-975
-1003
-1012
-1016
-1017
-1018
-1018
1023
403
142
51
21
11
7
6
4
4
0
-626
-887
-975
-1003
-1012
-1016
-1018
-1019
-1019
1023
403
142
52
22
11
7
5
3
3
0
-623
-886
-974
-1003
-1012
-1015
-1017
-1018
-1018
1023
403
142
52
21
10
6
5
4
3
0
-623
-886
-974
-1003
-1012
-1015
-1017
-1018
-1018
1023
402
142
52
21
10
6
4
3
2
0
-621
-885
-974
-1003
-1012
-1016
-1016
-1016
-1017
1023
404
143
52
21
10
7
5
3
2
0
-624
-886
-974
-1003
-1012
-1015
-1017
-1018
-1018
1023
403
142
52
21
11
7
5
4
3
0
-623
-886
-974
-1002
-1012
-1016
-1017
-1018
-1018
1023
404
142
52
21
10
6
5
4
3
0
-623
-886
-974
-1002
-1012
-1015
-1017
-1018
-1019
1023
403
142
51
21
11
6
5
4
3
0
-622
-886
-974
-1003
-1012
-1016
-1017
-1018
-1018
1023
404
142
52
21
11
7
5
3
3
0
-622
-885
-974
-1002
-1012
-1016
-1017
-1018
-1018
1023
403
143
51
21
11
6
4
4
3
0
-620
-885
-975
-1003
-1012
-1015
-1017
-1018
-1017
1023
405
142
52
21
11
6
5
4
3
0
-621
-885
-974
-1002
-1012
-1015
-1017
-1018
-1018
1023
404
143
50
21
11
6
5
4
3
0
-621
-885
-973
-1003
-1011
-1015
-1017
-1018
-1018
1023
405
143
52
20
11
6
5
4
3
0
-622
-885
-973
-1002
-1011
-1015
-1017
-1018
-1019
1023
404
142
52
21
10
6
4
3
3
* STOP SAMPLES
* START SAMPLES
-1021
-1022
-1022
-1022
-1022
-1022
-1022
-1022
-1022
-1022
1023
426
166
68
31
17
10
7
6
5
0
-630
-893
-978
-1004
-1013
-1016
-1018
-1019
-1019
1023
402
144
54
23
12
8
4
4
3
0
-627
-891
-978
-1004
-1013
-1016
-1018
-1018
-1018
1023
402
143
53
22
11
7
5
4
4
0
-627
-890
-976
-1004
-1013
-1016
-1017
-1018
-1018
1023
402
143
53
22
11
6
5
4
2
0
-627
-890
-976
-1003
-1012
-1016
-1017
-1018
-1018
1023
401
142
52
22
11
7
5
4
3
0
-627
-889
-976
-1003
-1012
-1016
-1017
-1018
-1019
1023
401
141
52
21
11
7
5
2
3
0
-625
-888
-976
-1003
-1012
-1016
-1017
-1018
-1019
1023
402
142
50
21
11
7
5
4
2
0
-625
-888
-978
-1004
-1013
-1016
-1018
-1018
-1018
1023
402
141
52
22
10
7
5
4
3
0
-624
-888
-976
-1004
-1013
-1016
-1018
-1018
-1018
1023
403
143
51
20
11
7
5
4
3
0
-624
-887
-975
-1003
-1012
-1016
-1017
-1018
-1018
1023
403
142
52
22
10
7
5
4
2
0
-624
-887
-975
-1003
-1012
-1015
-1017
-1018
-1019
1023
402
142
52
21
11
7
5
4
3
0
-624
-887
-975
-1002
-1011
-1015
-1016
-1017
-1018
1023
403
141
50
20
10
7
4
4
3
0
-623
-886
-975
-1003
-1012
-1016
-1017
-1018
-1018
1023
403
142
52
21
10
7
5
3
3
0
-624
-886
-974
-1003
-1012
-1015
-1017
-1018
-1018
1023
404
143
52
20
11
6
5
4
3
0
-622
-886
-975
-1004
-1013
-1016
-1018
-1018
-1019
1023
403
143
53
23
12
7
5
4
3
0
-646
-894
-977
-1003
-1013
-1016
-1017
-1018
-1019
1023
404
143
52
20
11
6
5
4
3
0
-623
-886
-974
-1002
-1012
-1016
-1017
-1018
-1019
1023
398
141
51
21
11
6
5
3
3
0
-623
-886
-974
-1002
-1011
-1015
-1016
-1017
-1018
1023
403
142
51
20
10
6
4
4
3
0
-622
-886
-974
-1002
-1012
-1015
-1017
-1018
-1018
1023
403
141
52
21
10
7
5
4
3
0
-622
-886
-974
-1002
-1012
-1015
-1017
-1018
-1018
1023
404
143
50
21
11
6
5
4
3
0
-621
-885
-974
-1003
-1012
-1016
-1018
-1019
-1019
1023
403
142
52
22
12
8
5
3
3
0
-622
-885
-974
-1003
-1012
-1015
-1017
-1018
-1019
1023
404
142
52
22
11
6
5
3
3
0
-621
-885
-973
-1002
-1012
-1015
-1017
-1018
-1018
1023
404
142
50
21
11
7
5
3
3
0
-621
-885
-974
-1002
-1012
-1015
-1016
-1017
-1018
1023
404
134
49
20
10
6
2
3
3
0
-622
-885
-974
-1002
-1012
-1015
-1017
-1018
-1018
1023
405
143
52
22
10
5
5
3
2
* STOP SAMPLES
* START SAMPLES
-1022
-1022
-1022
-1022
-1022
-1022
-1022
-1022
-1022
-1022
1023
427
166
67
31
17
11
8
6
5
0
-630
-893
-978
-1005
-1014
-1017
-1019
-1019
-1020
1023
402
144
53
24
13
8
7
5
4
0
-628
-891
-977
-1004
-1013
-1016
-1017
-1018
-1019
1023
402
143
53
22
12
7
5
4
3
0
-627
-890
-976
-1004
-1012
-1016
-1017
-1018
-1019
1023
401
142
52
20
11
7
5
4
3
0
-627
-889
-976
-1003
-1012
-1015
-1016
-1017
-1018
1023
401
142
52
22
11
6
3
2
3
0
-626
-889
-976
-1004
-1013
-1016
-1017
-1018
-1018
1023
402
143
52
22
11
7
5
4
3
0
-625
-889
-976
-1003
-1012
-1016
-1017
-1018
-1019
1023
402
142
52
22
11
7
5
4
3
0
-625
-888
-976
-1003
-1012
-1016
-1018
-1019
-1019
1023
403
142
51
22
11
7
5
5
4
0
-624
-888
-975
-1003
-1012
-1016
-1017
-1018
-1018
1023
402
142
52
22
11
7
5
4
3
0
-625
-888
-975
-1003
-1012
-1016
-1017
-1018
-1019
1023
402
142
52
21
11
7
5
4
3
0
-624
-887
-975
-1003
-1012
-1015
-1017
-1017
-1018
1023
403
142
52
22
11
6
4
2
2
0
-624
-887
-975
-1003
-1012
-1016
-1017
-1018
-1018
1023
380
134
49
20
10
6
4
4
3
0
-623
-886
-975
-1003
-1012
-1016
-1017
-1018
-1018
1023
403
143
52
22
11
6
5
4
3
0
-646
-894
-977
-1003
-1012
-1016
-1017
-1018
-1019
1023
403
142
52
21
11
7
5
4
3
0
-622
-886
-974
-1003
-1012
-1015
-1017
-1018
-1018
1023
403
143
51
21
11
7
5
4
3
0
-623
-887
-974
-1003
-1012
-1015
-1017
-1018
-1019
1023
404
142
51
21
11
7
5
3
3
0
-623
-886
-975
-1002
-1012
-1016
-1017
-1017
-1018
1023
404
143
52
22
10
7
4
3
1
0
-625
-886
-974
-1003
-1013
-1015
-1017
-1018
-1018
1023
404
143
52
21
11
6
5
3
3
0
-622
-886
-974
-1002
-1013
-1015
-1017
-1018
-1018
1023
405
143
52
20
11
6
4
4
3
0
-622
-885
-974
-1003
-1012
-1015
-1017
-1018
-1019
1023
404
142
51
21
10
6
5
4
3
0
-620
-884
-976
-1004
-1012
-1016
-1017
-1018
-1018
1023
404
142
52
21
10
6
5
4
3
0
-621
-885
-974
-1002
-1012
-1016
-1017
-1018
-1018
1023
404
142
49
21
10
6
4
4
3
0
-621
-885
-974
-1002
-1012
-1016
-1017
-1018
-1018
1023
404
143
52
22
11
6
5
4
3
0
-624
-887
-975
-1003
-1012
-1015
-1017
-1018
-1018
1023
405
143
50
21
10
6
4
4
2
0
-621
-885
-974
-1002
-1011
-1015
-1017
-1018
-1019
1023
404
143
52
21
11
6
4
4
3
* STOP SAMPLES
* START SAMPLES
-1022
-1022
-1021
-1022
-1022
-1022
-1022
-1022
-1022
-1022
1023
427
166
67
30
17
11
8
6
6
0
-633
-893
-978
-1005
-1013
-1016
-1018
-1019
-1019
1023
402
144
54
22
12
8
5
4
4
0
-628
-891
-977
-1004
-1013
-1016
-1017
-1018
-1019
1023
401
143
53
23
12
7
5
4
4
0
-628
-890
-977
-1004
-1012
-1016
-1018
-1018
-1018
1023
402
143
53
23
11
7
5
4
3
0
-629
-892
-978
-1004
-1013
-1016
-1017
-1019
-1018
1023
401
142
52
22
11
7
5
4
3
0
-626
-889
-976
-1003
-1012
-1016
-1017
-1018
-1019
1023
402
143
52
22
11
7
5
4
3
0
-625
-888
-975
-1003
-1012
-1016
-1017
-1018
-1018
1023
402
133
49
20
10
6
4
3
3
0
-622
-886
-974
-1002
-1012
-1015
-1017
-1018
-1019
1023
402
143
51
22
10
7
5
2
3
0
-625
-896
-978
-1004
-1013
-1016
-1017
-1018
-1019
1023
402
142
52
21
10
7
5
4
3
0
-625
-888
-975
-1003
-1013
-1016
-1018
-1018
-1018
1023
403
143
52
22
12
7
5
4
3
0
-627
-889
-976
-1004
-1013
-1016
-1017
-1018
-1018
1023
403
142
51
21
11
6
5
4
3
0
-624
-887
-975
-1003
-1012
-1016
-1017
-1018
-1018
1023
402
142
51
22
10
7
5
4
3
0
-623
-887
-975
-1003
-1012
-1016
-1017
-1018
-1018
1023
403
142
51
21
10
5
4
3
2
0
-621
-885
-974
-1001
-1011
-1015
-1017
-1018
-1018
1023
403
143
52
21
11
7
5
3
3
0
-622
-886
-974
-1002
-1012
-1015
-1017
-1018
-1019
1023
404
143
52
22
10
7
5
2
3
0
-623
-886
-975
-1004
-1012
-1016
-1017
-1018
-1018
1023
403
143
52
22
11
7
5
4
3
0
-625
-887
-975
-1003
-1013
-1017
-1017
-1018
-1019
1023
404
142
52
20
10
6
4
3
3
0
-623
-886
-974
-1003
-1012
-1015
-1017
-1018
-1019
1023
404
143
52
21
11
7
5
3
3
0
-621
-885
-974
-1002
-1012
-1015
-1017
-1018
-1018
1023
404
142
51
21
10
6
4
3
1
0
-620
-885
-973
-1002
-1011
-1014
-1015
-1018
-1018
1023
405
143
52
21
11
7
5
3
3
0
-621
-885
-974
-1002
-1012
-1015
-1017
-1018
-1019
1023
404
143
52
21
11
6
5
4
3
0
-622
-885
-974
-1002
-1012
-1015
-1017
-1018
-1018
1023
405
142
52
21
10
7
5
4
4
0
-624
-886
-974
-1003
-1012
-1016
-1019
-1019
-1019
1023
404
143
52
21
11
6
5
3
3
0
-645
-893
-976
-1004
-1012
-1016
-1017
-1018
-1018
1023
405
143
51
21
11
5
5
3
3
0
-621
-885
-973
-1002
-1012
-1015
-1017
-1018
-1018
1023
382
134
49
20
10
6
4
3
2
* STOP SAMPLES
* START SAMPLES
-1022
-1022
-1022
-1022
-1022
-1021
-1021
-1020
-1021
-1021
1023
427
165
68
31
17
11
8
6
5
0
-630
-893
-979
-1004
-1013
-1016
-1018
-1018
-1019
1023
402
144
51
22
12
8
6
4
4
0
-628
-891
-977
-1004
-1013
-1016
-1018
-1018
-1019
1023
401
143
53
22
11
8
6
5
4
0
-630
-891
-977
-1004
-1013
-1017
-1019
-1019
-1019
1023
402
143
52
22
11
7
5
4
3
0
-627
-890
-976
-1004
-1013
-1016
-1017
-1018
-1018
1023
402
142
52
22
11
7
5
4
3
0
-626
-889
-976
-1003
-1012
-1016
-1017
-1018
-1018
1023
402
143
52
22
10
7
4
3
2
0
-624
-888
-975
-1003
-1013
-1015
-1017
-1016
-1017
1023
402
142
51
22
11
6
5
4
3
0
-625
-888
-975
-1003
-1012
-1015
-1017
-1018
-1018
1023
403
143
52
22
11
7
4
4
3
0
-649
-896
-978
-1004
-1013
-1015
-1017
-1019
-1018
1023
402
142
52
20
10
7
5
4
4
0
-625
-888
-975
-1003
-1013
-1016
-1017
-1019
-1020
1023
397
140
52
21
11
6
4
4
3
0
-624
-887
-975
-1003
-1012
-1016
-1017
-1019
-1018
1023
403
142
52
21
11
6
4
4
3
0
-623
-887
-975
-1003
-1012
-1016
-1017
-1018
-1019
1023
403
143
52
22
11
7
5
3
3
0
-622
-887
-975
-1003
-1012
-1015
-1017
-1018
-1018
1023
404
143
52
21
11
6
5
4
2
0
-623
-887
-975
-1003
-1012
-1016
-1017
-1018
-1018
1023
403
142
51
22
11
7
4
4
3
0
-623
-886
-975
-1003
-1012
-1015
-1017
-1018
-1019
1023
404
143
52
22
11
7
5
3
3
0
-624
-886
-974
-1002
-1012
-1015
-1017
-1019
-1019
1023
403
143
52
21
11
6
5
3
2
0
-623
-887
-974
-1003
-1012
-1015
-1017
-1018
-1018
1023
403
134
49
20
10
5
4
4
2
0
-622
-886
-974
-1002
-1012
-1015
-1017
-1018
-1018
1023
404
143
52
21
11
7
5
3
2
0
-621
-894
-977
-1004
-1013
-1016
-1017
-1018
-1018
1023
404
144
52
22
11
7
5
4
2
0
-622
-886
-974
-1002
-1012
-1015
-1017
-1018
-1018
1023
405
143
52
22
11
6
5
4
3
0
-622
-885
-974
-1002
-1012
-1016
-1017
-1018
-1018
1023
404
143
51
21
11
7
5
4
3
0
-622
-885
-973
-1002
-1011
-1015
-1017
-1018
-1018
1023
404
141
51
21
10
7
5
3
2
0
-622
-885
-974
-1002
-1013
-1015
-1017
-1018
-1018
1023
404
143
52
22
11
6
5
3
3
0
-621
-885
-974
-1002
-1012
-1015
-1017
-1018
-1018
1023
405
143
52
20
11
7
4
4
3
0
-621
-885
-974
-1003
-1013
-1016
-1017
-1018
-1018
1023
405
143
53
23
10
7
5
4
3
* STOP SAMPLES
* START SAMPLES
-1021
-1022
-1022
-1022
-1021
-1022
-1022
-1022
-1021
-1021
1023
427
166
67
31
17
11
8
6
6
0
-631
-893
-978
-1005
-1013
-1016
-1018
-1018
-1019
1023
402
144
54
22
12
8
6
4
4
0
-629
-891
-976
-1003
-1012
-1016
-1017
-1018
-1019
1023
401
142
52
22
11
7
5
3
3
0
-627
-890
-977
-1003
-1013
-1015
-1018
-1018
-1018
1023
402
143
52
22
11
6
5
3
3
0
-627
-890
-976
-1004
-1013
-1016
-1017
-1018
-1018
1023
402
142
52
22
11
7
4
4
3
0
-626
-889
-976
-1004
-1013
-1016
-1018
-1018
-1018
1023
403
143
54
23
11
7
5
4
3
0
-650
-897
-978
-1004
-1013
-1016
-1018
-1018
-1019
1023
403
142
52
22
11
6
4
4
3
0
-625
-888
-976
-1003
-1012
-1016
-1017
-1018
-1019
1023
380
134
49
21
10
6
4
4
3
0
-626
-888
-975
-1002
-1011
-1015
-1016
-1017
-1019
1023
402
142
50
20
10
7
5
2
3
0
-624
-888
-975
-1003
-1012
-1015
-1017
-1018
-1018
1023
403
142
52
22
11
6
5
4
2
0
-624
-888
-975
-1003
-1012
-1016
-1017
-1018
-1018
1023
403
143
52
21
11
7
4
4
3
0
-623
-887
-976
-1003
-1013
-1017
-1018
-1018
-1019
1023
404
143
52
23
12
7
5
4
3
0
-624
-887
-975
-1003
-1012
-1015
-1017
-1018
-1018
1023
403
142
52
22
11
5
5
4
2
0
-623
-887
-974
-1003
-1012
-1015
-1017
-1018
-1018
1023
404
143
51
21
11
7
5
4
3
0
-624
-886
-975
-1002
-1012
-1015
-1017
-1017
-1018
1023
402
143
49
20
9
5
2
3
3
0
-623
-887
-974
-1003
-1012
-1015
-1017
-1018
-1018
1023
404
143
51
21
11
6
4
4
3
0
-622
-886
-977
-1004
-1012
-1016
-1017
-1018
-1018
1023
404
143
52
22
11
6
5
4
3
0
-622
-886
-975
-1003
-1012
-1016
-1018
-1018
-1019
1023
404
143
52
22
11
8
6
4
3
0
-622
-886
-974
-1002
-1012
-1015
-1017
-1018
-1018
1023
404
143
52
22
11
7
5
4
2
0
-622
-886
-974
-1002
-1012
-1015
-1017
-1018
-1018
1023
404
143
51
22
10
6
5
4
3
0
-623
-886
-974
-1002
-1011
-1015
-1016
-1017
-1017
1023
403
143
51
21
10
6
3
2
2
0
-621
-885
-974
-1003
-1012
-1016
-1017
-1018
-1018
1023
405
143
52
21
10
6
5
4
3
0
-622
-885
-974
-1002
-1012
-1015
-1017
-1018
-1018
1023
381
134
49
20
10
6
5
4
3
0
-620
-885
-974
-1003
-1012
-1016
-1018
-1018
-1019
1023
405
142
52
22
11
7
5
5
4
0
-627
-887
-975
-1002
-1012
-1016
-1017
-1018
-1018
1023
405
142
52
22
11
7
5
4
3
* STOP SAMPLES
* START SAMPLES
-1022
-1022
-1022
-1021
-1021
-1021
-1022
-1022
-1022
-1022
1023
427
166
68
31
17
11
8
6
5
0
-631
-893
-979
-1005
-1013
-1016
-1018
-1018
-1018
1023
401
144
53
23
12
7
5
3
4
0
-629
-891
-977
-1004
-1013
-1016
-1017
-1018
-1019
1023
401
143
52
22
11
7
5
4
3
0
-652
-898
-979
-1005
-1013
-1016
-1018
-1019
-1018
1023
402
143
53
22
11
7
5
4
3
0
-626
-889
-976
-1004
-1012
-1016
-1018
-1019
-1019
1023
396
140
52
22
11
7
6
5
4
0
-626
-889
-976
-1003
-1012
-1016
-1017
-1018
-1018
1023
402
142
52
22
11
7
5
4
3
0
-626
-889
-976
-1003
-1013
-1015
-1017
-1018
-1019
1023
402
143
52
22
11
7
5
4
3
0
-625
-888
-975
-1003
-1012
-1016
-1017
-1017
-1018
1023
403
143
51
22
10
7
5
3
2
0
-625
-888
-975
-1004
-1012
-1016
-1017
-1018
-1018
1023
403
142
52
21
11
6
5
3
3
0
-624
-888
-975
-1003
-1013
-1016
-1017
-1018
-1019
1023
403
143
52
22
11
7
5
4
3
0
-624
-887
-975
-1003
-1012
-1016
-1017
-1018
-1019
1023
403
142
51
21
10
7
5
4
4
0
-622
-887
-975
-1003
-1013
-1015
-1017
-1018
-1018
1023
404
134
49
21
10
6
5
4
3
0
-624
-887
-975
-1003
-1012
-1015
-1017
-1018
-1018
1023
403
143
52
21
11
7
4
4
3
0
-624
-895
-977
-1004
-1012
-1016
-1017
-1018
-1018
1023
403
143
52
22
11
6
5
3
3
0
-625
-888
-975
-1003
-1012
-1016
-1017
-1018
-1018
1023
404
142
52
21
11
6
5
3
3
0
-622
-886
-974
-1003
-1012
-1015
-1017
-1018
-1018
1023
403
143
52
21
11
7
4
4
3
0
-623
-886
-975
-1003
-1012
-1015
-1017
-1018
-1018
1023
403
142
51
21
10
6
4
3
3
0
-620
-884
-973
-1002
-1012
-1015
-1017
-1018
-1018
1023
404
143
52
21
11
6
4
4
2
0
-622
-886
-974
-1003
-1012
-1015
-1017
-1019
-1018
1023
404
143
52
21
11
6
4
4
3
0
-622
-886
-974
-1003
-1012
-1015
-1017
-1018
-1018
1023
405
143
53
22
11
7
5
4
3
0
-625
-887
-976
-1004
-1013
-1016
-1018
-1018
-1018
1023
405
143
52
22
10
7
5
2
3
0
-622
-885
-974
-1002
-1012
-1015
-1017
-1018
-1019
1023
405
143
52
20
10
6
4
4
3
0
-621
-885
-975
-1002
-1012
-1015
-1017
-1018
-1019
1023
405
143
51
21
10
5
4
3
2
0
-618
-883
-972
-1001
-1011
-1015
-1017
-1018
-1018
1023
405
143
52
21
11
7
4
3
3
0
-621
-885
-974
-1002
-1012
-1015
-1017
-1018
-1018
1023
405
143
52
20
11
6
5
3
3
* STOP SAMPLES
* START SAMPLES
-1021
-1022
-1022
-1022
-1022
-1022
-1022
-1022
-1022
-1022
1023
427
167
68
32
18
11
8
6
5
0
-657
-903
-982
-1006
-1014
-1017
-1018
-1018
-1019
1023
403
144
54
23
12
8
6
5
4
0
-629
-891
-977
-1004
-1013
-1016
-1018
-1018
-1019
1023
402
143
53
22
12
8
5
4
4
0
-627
-890
-976
-1004
-1013
-1016
-1017
-1018
-1018
1023
403
143
52
21
11
6
4
3
3
0
-624
-889
-974
-1002
-1012
-1016
-1017
-1018
-1018
1023
402
143
53
22
11
7
5
4
3
0
-625
-889
-976
-1003
-1012
-1016
-1018
-1018
-1018
1023
403
143
52
22
11
7
5
3
3
0
-625
-888
-976
-1003
-1012
-1016
-1017
-1018
-1018
1023
403
143
52
22
11
7
6
4
3
0
-627
-890
-976
-1005
-1014
-1016
-1017
-1018
-1019
1023
403
143
52
20
11
7
5
4
3
0
-624
-888
-978
-1004
-1013
-1016
-1017
-1018
-1018
1023
402
143
52
22
11
7
5
3
3
0
-624
-887
-975
-1003
-1013
-1016
-1017
-1018
-1019
1023
404
143
49
20
10
6
4
3
3
0
-621
-886
-974
-1002
-1011
-1014
-1017
-1018
-1018
1023
404
143
52
22
11
7
5
2
3
0
-623
-887
-975
-1003
-1012
-1015
-1018
-1018
-1018
1023
404
143
52
22
10
7
5
4
3
0
-624
-887
-975
-1003
-1012
-1015
-1017
-1018
-1018
1023
404
143
51
21
11
7
5
4
3
0
-625
-887
-975
-1003
-1013
-1017
-1018
-1018
-1019
1023
405
143
52
22
11
7
5
4
3
0
-623
-886
-975
-1003
-1012
-1016
-1017
-1018
-1018
1023
404
143
52
21
10
7
5
3
3
0
-622
-886
-974
-1003
-1012
-1016
-1017
-1018
-1018
1023
405
143
52
22
11
6
4
3
2
0
-644
-894
-977
-1003
-1012
-1014
-1016
-1017
-1018
1023
404
143
52
21
10
6
4
4
3
0
-622
-886
-974
-1003
-1012
-1015
-1017
-1018
-1018
1023
399
141
51
21
10
7
5
4
3
0
-623
-886
-974
-1003
-1012
-1015
-1017
-1018
-1018
1023
405
143
52
21
11
6
5
4
4
0
-623
-887
-974
-1003
-1012
-1017
-1018
-1019
-1019
1023
405
143
52
21
11
7
4
4
3
0
-622
-886
-974
-1002
-1012
-1016
-1017
-1018
-1019
1023
405
143
52
21
10
6
4
3
3
0
-621
-885
-974
-1002
-1011
-1015
-1017
-1018
-1018
1023
405
143
52
21
11
6
4
3
2
0
-619
-884
-974
-1002
-1012
-1015
-1016
-1017
-1017
1023
405
143
52
21
11
7
4
4
3
0
-620
-885
-974
-1002
-1012
-1016
-1017
-1018
-1019
1023
406
143
52
22
11
7
5
4
3
0
-621
-885
-974
-1002
-1012
-1015
-1017
-1018
-1018
1023
405
135
49
21
10
7
5
4
3
* STOP SAMPLES
* START SAMPLES
-1021
-1021
-1021
-1021
-1022
-1022
-1022
-1023
-1023
-1022
1023
428
167
68
31
17
11
8
7
5
0
-630
-893
-978
-1005
-1013
-1017
-1018
-1018
-1019
1023
402
145
54
23
11
8
6
5
4
0
-628
-891
-977
-1004
-1013
-1016
-1018
-1018
-1019
1023
402
143
53
22
11
6
5
4
3
0
-626
-890
-976
-1004
-1012
-1016
-1017
-1017
-1017
1023
403
144
52
22
11
7
5
4
3
0
-626
-889
-976
-1004
-1012
-1016
-1017
-1018
-1019
1023
402
143
53
22
11
7
5
4
3
0
-626
-889
-976
-1003
-1012
-1016
-1017
-1018
-1018
1023
403
142
52
22
11
7
5
4
4
0
-627
-888
-975
-1004
-1012
-1016
-1017
-1019
-1020
1023
403
143
52
22
11
7
5
4
3
0
-624
-888
-975
-1003
-1012
-1016
-1017
-1018
-1019
1023
403
143
52
20
10
7
4
4
3
0
-624
-887
-975
-1003
-1013
-1015
-1018
-1018
-1019
1023
403
142
52
22
10
7
5
3
3
0
-623
-887
-975
-1003
-1012
-1015
-1017
-1018
-1017
1023
405
143
51
21
11
7
5
4
3
0
-623
-887
-975
-1003
-1012
-1016
-1017
-1018
-1019
1023
404
143
52
20
11
7
4
4
3
0
-623
-887
-975
-1003
-1012
-1016
-1017
-1018
-1018
1023
404
143
52
22
10
6
5
4
3
0
-623
-886
-974
-1003
-1012
-1015
-1017
-1018
-1019
1023
403
142
52
21
11
6
5
3
2
0
-623
-887
-974
-1003
-1012
-1015
-1017
-1018
-1019
1023
405
143
52
21
11
6
4
4
3
0
-645
-894
-977
-1003
-1013
-1015
-1017
-1018
-1019
1023
404
143
52
21
11
6
5
4
2
0
-621
-886
-975
-1003
-1013
-1016
-1017
-1018
-1018
1023
382
136
50
20
11
6
5
3
3
0
-621
-886
-974
-1002
-1012
-1015
-1017
-1018
-1018
1023
404
143
52
21
11
6
4
4
3
0
-622
-886
-974
-1002
-1012
-1016
-1017
-1018
-1018
1023
405
143
52
21
10
7
5
3
3
0
-621
-885
-974
-1002
-1011
-1015
-1017
-1018
-1018
1023
404
142
51
21
10
6
5
4
3
0
-621
-885
-974
-1003
-1012
-1016
-1017
-1018
-1018
1023
405
143
52
22
11
7
5
4
3
0
-621
-885
-974
-1002
-1012
-1016
-1017
-1018
-1019
1023
405
143
52
21
10
6
5
3
3
0
-621
-885
-974
-1003
-1012
-1017
-1018
-1018
-1018
1023
406
144
54
23
11
7
5
3
2
0
-620
-885
-974
-1002
-1012
-1015
-1017
-1018
-1018
1023
405
143
49
20
11
6
5
4
3
0
-620
-884
-974
-1003
-1012
-1015
-1017
-1018
-1018
1023
406
143
52
22
11
6
5
3
2
0
-621
-885
-976
-1003
-1011
-1015
-1016
-1018
-1018
1023
405
143
51
20
9
6
4
3
2
* STOP SAMPLES
* START SAMPLES
-1022
-1022
-1021
-1022
-1022
-1022
-1022
-1021
-1022
-1022
1023
428
166
68
31
17
11
8
6
4
0
-630
-893
-978
-1005
-1013
-1016
-1018
-1018
-1019
1023
403
145
54
23
12
8
5
5
3
0
-628
-892
-977
-1005
-1013
-1017
-1018
-1019
-1019
1023
403
144
54
23
13
8
6
4
3
0
-626
-890
-979
-1005
-1013
-1016
-1017
-1018
-1019
1023
403
143
53
22
11
7
5
4
3
0
-626
-889
-976
-1004
-1013
-1016
-1017
-1018
-1018
1023
402
143
49
21
11
6
5
4
1
0
-626
-889
-976
-1003
-1013
-1015
-1016
-1017
-1018
1023
403
143
52
21
10
6
4
4
3
0
-625
-889
-976
-1004
-1012
-1016
-1017
-1018
-1018
1023
403
143
52
22
11
7
5
4
3
0
-624
-888
-975
-1003
-1012
-1016
-1018
-1018
-1018
1023
403
143
52
22
11
6
5
3
3
0
-624
-888
-975
-1004
-1013
-1016
-1018
-1019
-1019
1023
404
143
52
23
12
8
5
4
3
0
-623
-887
-975
-1003
-1012
-1016
-1017
-1018
-1018
1023
403
143
52
21
11
7
5
4
3
0
-624
-887
-975
-1003
-1012
-1016
-1017
-1018
-1018
1023
404
142
52
22
11
7
5
4
3
0
-647
-895
-977
-1004
-1012
-1016
-1017
-1018
-1018
1023
404
143
52
21
10
6
3
2
3
0
-623
-887
-975
-1003
-1012
-1015
-1017
-1018
-1018
1023
399
140
52
21
11
6
5
3
3
0
-622
-886
-975
-1003
-1012
-1015
-1018
-1018
-1018
1023
404
142
52
22
11
6
5
3
2
0
-622
-886
-974
-1003
-1012
-1016
-1017
-1018
-1019
1023
405
144
51
22
11
7
6
5
3
0
-621
-886
-974
-1003
-1012
-1016
-1017
-1018
-1018
1023
405
143
52
22
11
7
5
4
3
0
-623
-886
-974
-1003
-1012
-1015
-1017
-1018
-1018
1023
405
142
53
21
11
6
5
4
3
0
-622
-886
-974
-1003
-1012
-1015
-1017
-1017
-1018
1023
405
144
52
21
11
6
4
2
1
0
-622
-886
-974
-1003
-1013
-1016
-1017
-1018
-1019
1023
404
143
52
22
10
7
4
4
3
0
-621
-885
-975
-1002
-1012
-1016
-1017
-1018
-1018
1023
406
135
50
19
11
7
4
4
3
0
-621
-885
-975
-1002
-1012
-1015
-1017
-1018
-1019
1023
404
143
52
21
11
6
5
4
5
0
-621
-893
-976
-1004
-1012
-1015
-1017
-1018
-1019
1023
404
144
52
21
10
7
4
4
3
0
-620
-885
-973
-1003
-1011
-1016
-1017
-1018
-1018
1023
406
143
52
22
10
7
4
4
3
0
-621
-885
-974
-1003
-1012
-1015
-1017
-1018
-1017
1023
406
144
53
21
11
6
5
3
2
0
-622
-885
-974
-1002
-1012
-1015
-1017
-1017
-1018
1023
405
144
52
21
11
7
4
3
3
* STOP SAMPLES
