Inductor
* START SAMPLES
-592
-393
-303
-261
-243
-233
-230
-228
-228
-227
0
77
467
643
726
761
778
785
789
790
-1023
-934
-546
-373
-293
-257
-240
-233
-229
-228
0
76
466
643
723
760
777
786
789
791
-1023
-934
-547
-373
-289
-256
-240
-233
-229
-228
0
76
466
643
724
760
778
785
789
791
-1023
-935
-548
-373
-294
-256
-241
-233
-230
-228
0
77
466
642
724
760
778
786
790
791
-1023
-935
-548
-373
-294
-257
-241
-234
-231
-228
0
77
466
643
723
761
778
785
789
791
-1023
-936
-548
-373
-294
-258
-241
-233
-229
-228
0
76
466
642
723
760
778
786
789
791
-1023
-935
-548
-373
-294
-256
-241
-234
-230
-228
0
76
465
642
723
760
777
785
789
790
-1023
-936
-548
-373
-294
-257
-241
-233
-229
-227
0
76
465
642
723
761
778
785
789
791
-1023
-935
-548
-374
-294
-258
-241
-232
-229
-228
0
108
480
649
726
762
778
786
789
791
-1023
-935
-548
-373
-294
-258
-240
-233
-229
-228
0
75
466
642
723
760
778
786
789
791
-1023
-903
-534
-367
-291
-256
-240
-233
-230
-228
0
76
465
642
724
760
778
785
789
791
-1023
-937
-549
-373
-294
-257
-241
-233
-230
-228
0
75
465
642
723
760
778
785
789
791
-1023
-936
-548
-374
-294
-258
-241
-233
-228
-228
0
76
465
642
724
760
777
785
789
790
-1023
-936
-549
-374
-294
-258
-241
-233
-229
-227
0
75
465
642
723
760
778
785
789
791
-1023
-936
-549
-373
-294
-257
-241
-233
-230
-228
0
75
465
642
723
760
778
785
789
791
-1023
-937
-549
-374
-294
-258
-241
-233
-230
-228
0
76
465
642
723
760
777
786
789
791
-1023
-936
-548
-374
-294
-257
-241
-233
-230
-229
0
76
465
642
723
760
777
785
789
791
-1023
-937
-549
-367
-291
-256
-240
-233
-229
-228
0
76
465
642
723
760
777
785
789
791
-1023
-936
-548
-373
-294
-257
-240
-233
-230
-228
0
76
465
649
726
762
778
786
789
790
-1023
-936
-549
-373
-294
-258
-241
-233
-230
-227
0
75
465
642
723
760
777
785
789
791
-1023
-936
-549
-374
-293
-258
-241
-233
-230
-228
0
75
464
642
723
760
778
786
789
791
-1023
-937
-550
-374
-294
-257
-241
-233
-230
-228
0
75
465
642
723
760
778
786
789
791
-1023
-937
-549
-374
-294
-257
-241
-233
-230
-228
0
76
464
641
723
761
777
785
789
790
-1023
-938
-549
-374
-294
-258
-241
-234
-230
-228
0
75
465
642
723
760
777
786
789
791
-1023
-936
-549
-374
-294
-258
-241
-233
-229
-228
0
75
464
641
723
760
777
785
789
791
* STOP SAMPLES
* START SAMPLES
-226
-227
-227
-227
-227
-227
-225
-227
-226
-227
0
76
462
639
721
758
776
785
788
790
-1023
-944
-539
-368
-291
-256
-240
-233
-229
-228
0
77
462
639
721
759
776
785
788
790
-1023
-944
-554
-374
-294
-257
-240
-233
-230
-228
0
75
461
638
720
758
776
784
788
790
-1023
-944
-554
-375
-294
-257
-240
-232
-230
-228
0
75
461
639
721
759
777
785
789
791
-1023
-943
-553
-375
-294
-257
-241
-233
-230
-228
0
75
461
639
721
759
777
785
789
790
-1023
-944
-554
-375
-294
-257
-241
-233
-230
-228
0
75
461
639
721
760
777
785
789
791
-1023
-943
-554
-375
-294
-258
-241
-233
-230
-228
0
74
461
639
721
759
777
785
789
791
-1023
-944
-554
-376
-294
-257
-241
-233
-230
-228
0
73
461
638
721
759
777
786
789
791
-1023
-942
-554
-375
-291
-256
-240
-233
-230
-228
0
73
461
639
721
759
776
785
788
791
-1023
-942
-554
-376
-294
-256
-240
-233
-229
-228
0
73
461
639
724
760
778
785
789
791
-1023
-943
-554
-376
-294
-257
-241
-233
-230
-228
0
73
461
639
722
759
777
785
789
790
-1023
-943
-554
-376
-294
-257
-241
-233
-230
-228
0
74
461
639
721
760
777
785
790
791
-1023
-943
-554
-375
-295
-258
-241
-234
-230
-228
0
73
461
639
721
759
777
785
789
791
-1023
-943
-554
-376
-294
-258
-241
-233
-230
-227
0
74
461
639
721
759
777
785
789
790
-1023
-942
-553
-376
-294
-257
-241
-233
-230
-228
0
73
460
639
721
759
777
785
789
790
-1023
-943
-554
-375
-294
-257
-240
-233
-229
-227
0
73
461
639
721
759
777
785
788
791
-1023
-909
-539
-369
-291
-256
-240
-233
-229
-228
0
73
460
639
721
760
778
785
789
791
-1023
-942
-554
-376
-295
-257
-241
-233
-230
-228
0
105
475
645
725
761
778
786
790
791
-1023
-942
-554
-375
-295
-258
-241
-232
-231
-229
0
73
460
639
721
759
777
785
789
791
-1023
-943
-555
-376
-293
-257
-241
-233
-230
-228
0
73
460
639
722
759
777
785
789
791
-1023
-942
-553
-376
-295
-258
-241
-233
-230
-228
0
73
460
639
721
759
777
785
789
790
-1023
-942
-554
-375
-295
-258
-241
-233
-229
-227
0
73
460
639
721
760
777
785
789
791
-1023
-942
-554
-376
-294
-258
-241
-233
-229
-228
0
73
460
639
721
759
777
786
789
791
-1023
-943
-554
-376
-295
-257
-241
-233
-230
-228
0
73
460
639
722
759
777
785
789
791
-1023
-942
-554
-375
-294
-258
-240
-233
-230
-228
0
73
461
646
725
761
778
785
789
790
* STOP SAMPLES
* START SAMPLES
-226
-226
-226
-226
-226
-227
-226
-226
-226
-226
0
76
461
638
720
760
777
785
788
791
-1023
-945
-554
-375
-294
-257
-241
-233
-228
-228
0
82
465
640
721
759
777
785
788
790
-1023
-942
-553
-375
-294
-257
-241
-233
-230
-228
0
76
461
638
720
758
777
785
789
790
-1023
-945
-554
-375
-294
-257
-241
-233
-229
-228
0
74
460
638
720
759
776
785
789
791
-1023
-944
-554
-375
-294
-257
-240
-233
-229
-228
0
75
461
638
720
758
777
785
789
791
-1023
-945
-555
-375
-294
-257
-241
-233
-229
-228
0
75
461
638
721
758
777
785
789
790
-1023
-944
-553
-376
-294
-257
-240
-233
-230
-228
0
75
460
638
721
759
777
785
789
791
-1023
-945
-538
-369
-291
-256
-240
-233
-229
-228
0
74
460
639
721
760
777
786
789
791
-1023
-943
-554
-375
-294
-257
-241
-233
-229
-227
0
75
475
645
724
760
778
785
789
791
-1023
-944
-554
-375
-294
-257
-241
-233
-230
-228
0
75
461
638
721
759
777
785
789
791
-1023
-944
-554
-375
-294
-258
-240
-233
-229
-228
0
74
460
638
720
759
776
785
788
791
-1023
-944
-555
-376
-294
-257
-240
-233
-229
-228
0
73
460
638
721
759
777
785
789
791
-1023
-943
-553
-376
-294
-256
-241
-233
-229
-228
0
73
460
638
721
759
777
785
789
790
-1023
-944
-555
-376
-295
-257
-240
-233
-230
-227
0
73
460
639
721
760
777
785
789
791
-1023
-943
-554
-376
-294
-258
-241
-233
-229
-228
0
73
460
639
721
759
777
785
789
791
-1023
-943
-555
-376
-294
-258
-241
-233
-228
-228
0
72
460
638
724
760
778
786
789
791
-1023
-943
-555
-376
-295
-257
-241
-233
-230
-227
0
74
460
639
721
758
776
785
788
790
-1023
-943
-554
-376
-291
-255
-240
-232
-229
-227
0
74
460
639
721
759
777
785
789
790
-1023
-943
-554
-376
-295
-258
-240
-233
-229
-228
0
74
460
639
721
759
777
785
789
791
-1023
-943
-555
-376
-295
-257
-240
-233
-229
-228
0
72
460
638
722
760
777
786
790
791
-1023
-942
-554
-376
-295
-258
-242
-232
-230
-228
0
73
460
638
721
759
778
785
789
791
-1023
-943
-554
-376
-295
-258
-240
-233
-230
-228
0
73
460
639
721
759
777
786
789
791
-1023
-943
-554
-376
-295
-258
-241
-233
-230
-227
0
72
460
638
721
759
776
785
789
790
-1023
-943
-555
-376
-295
-257
-240
-232
-229
-228
0
104
475
645
724
761
778
785
790
791
-1023
-943
-554
-376
-295
-257
-239
-233
-229
-228
0
73
460
639
721
760
777
785
789
791
* STOP SAMPLES
* START SAMPLES
-226
-226
-226
-226
-227
-226
-227
-227
-226
-227
0
76
461
638
720
758
777
786
789
791
-1023
-945
-553
-375
-294
-256
-240
-233
-229
-228
0
76
461
638
721
758
776
785
789
790
-1023
-945
-554
-375
-293
-257
-240
-233
-229
-228
0
75
461
638
720
759
776
785
789
791
-1023
-945
-554
-375
-293
-257
-240
-233
-229
-227
0
75
461
638
720
759
777
784
788
790
-1023
-944
-554
-375
-294
-257
-241
-233
-229
-226
0
75
460
638
721
759
776
785
789
790
-1023
-945
-555
-376
-293
-257
-240
-233
-229
-228
0
75
461
638
721
759
777
785
789
791
-1023
-913
-540
-368
-291
-256
-240
-233
-230
-228
0
75
461
638
721
760
777
786
790
792
-1023
-945
-555
-375
-294
-257
-240
-233
-230
-228
0
82
464
640
721
759
777
785
789
791
-1023
-944
-554
-376
-294
-257
-240
-233
-229
-228
0
74
460
638
721
759
777
785
789
791
-1023
-945
-555
-376
-294
-257
-241
-233
-229
-228
0
74
460
638
721
759
777
785
788
790
-1023
-943
-554
-376
-294
-257
-241
-233
-229
-228
0
74
460
638
721
759
777
785
789
790
-1023
-945
-555
-376
-295
-257
-241
-233
-230
-228
0
74
460
638
721
759
777
785
789
791
-1023
-944
-555
-376
-295
-257
-241
-232
-229
-229
0
74
460
638
721
759
777
785
789
792
-1023
-945
-556
-376
-295
-258
-241
-233
-228
-228
0
74
460
638
721
759
777
785
789
791
-1023
-944
-555
-376
-295
-257
-240
-233
-230
-228
0
73
474
645
724
760
777
786
789
791
-1023
-944
-555
-376
-295
-257
-240
-233
-229
-228
0
73
460
639
722
759
777
786
789
790
-1023
-942
-538
-369
-292
-255
-240
-233
-229
-228
0
73
460
638
721
760
777
785
789
791
-1023
-943
-554
-376
-295
-257
-241
-233
-230
-228
0
73
460
638
721
759
777
785
789
791
-1023
-943
-555
-376
-294
-258
-241
-233
-230
-228
0
73
459
638
721
759
777
785
789
791
-1023
-943
-555
-376
-294
-256
-241
-233
-230
-228
0
73
460
638
721
759
777
785
789
791
-1023
-943
-555
-376
-294
-258
-240
-233
-229
-228
0
72
459
638
721
759
777
785
789
791
-1023
-944
-555
-376
-294
-257
-241
-233
-230
-228
0
73
460
639
722
759
778
785
789
791
-1023
-942
-555
-377
-295
-257
-241
-233
-230
-228
0
72
459
638
721
759
777
785
789
791
-1023
-944
-555
-377
-292
-256
-240
-233
-229
-228
0
72
459
638
722
759
777
785
789
791
-1023
-942
-554
-376
-295
-258
-241
-233
-228
-228
0
73
459
638
724
760
777
785
789
791
* STOP SAMPLES
* START SAMPLES
-226
-226
-226
-226
-227
-227
-226
-226
-226
-226
0
77
461
638
720
758
776
784
789
790
-1023
-946
-554
-375
-293
-257
-240
-233
-230
-228
0
76
461
638
720
759
776
785
788
790
-1023
-945
-554
-375
-294
-257
-241
-233
-230
-228
0
76
461
638
721
759
777
785
789
791
-1023
-945
-554
-375
-294
-257
-241
-233
-229
-228
0
75
461
638
721
759
776
785
789
790
-1023
-945
-554
-374
-294
-257
-240
-233
-229
-228
0
75
461
638
721
759
777
785
789
791
-1023
-944
-554
-376
-294
-257
-240
-233
-229
-228
0
74
460
639
720
758
776
785
788
790
-1023
-912
-540
-369
-291
-255
-240
-232
-229
-228
0
74
460
638
721
759
777
785
789
792
-1023
-945
-555
-376
-293
-257
-241
-233
-229
-228
0
106
475
645
724
760
777
785
789
791
-1023
-944
-555
-376
-294
-257
-241
-233
-230
-228
0
75
460
639
721
759
778
786
789
791
-1023
-944
-554
-376
-295
-257
-241
-233
-229
-227
0
73
460
638
721
759
777
785
789
791
-1023
-945
-555
-376
-295
-257
-241
-233
-229
-228
0
74
460
638
721
759
777
785
789
791
-1023
-943
-555
-376
-294
-256
-240
-233
-229
-227
0
73
460
639
721
759
776
784
788
790
-1023
-944
-555
-376
-294
-257
-241
-233
-229
-228
0
74
460
638
721
759
777
785
789
790
-1023
-944
-555
-376
-295
-258
-240
-233
-230
-227
0
73
460
638
721
760
777
785
789
791
-1023
-944
-555
-376
-295
-257
-241
-233
-230
-228
0
74
460
645
724
761
778
786
790
791
-1023
-944
-555
-376
-294
-258
-241
-233
-230
-228
0
73
460
638
721
759
777
785
789
791
-1023
-944
-555
-369
-291
-256
-240
-233
-229
-228
0
74
460
638
721
759
777
785
789
791
-1023
-942
-555
-376
-294
-257
-241
-233
-229
-228
0
72
459
638
721
759
777
785
788
790
-1023
-944
-555
-376
-294
-257
-240
-233
-228
-228
0
73
460
638
721
759
777
785
789
790
-1023
-943
-555
-376
-295
-258
-241
-233
-229
-228
0
72
459
638
721
760
777
785
789
791
-1023
-943
-555
-376
-295
-257
-241
-232
-230
-228
0
73
460
638
721
759
777
785
789
792
-1023
-944
-555
-376
-295
-258
-241
-233
-229
-228
0
73
459
638
721
759
777
785
789
791
-1023
-943
-555
-376
-295
-258
-240
-233
-229
-227
0
105
474
645
725
761
778
785
789
791
-1023
-944
-555
-376
-295
-256
-240
-233
-229
-228
0
72
459
638
722
760
777
785
789
790
-1023
-935
-551
-375
-294
-258
-241
-233
-229
-228
0
73
460
638
721
759
777
785
789
790
* STOP SAMPLES
* START SAMPLES
-226
-226
-226
-226
-226
-226
-226
-226
-226
-226
0
76
461
638
720
759
776
784
789
791
-1023
-947
-554
-375
-294
-257
-240
-233
-230
-228
0
108
476
645
723
760
777
785
789
790
-1023
-946
-554
-375
-294
-257
-239
-233
-229
-228
0
75
461
638
720
759
776
785
789
791
-1023
-914
-540
-369
-291
-256
-240
-233
-229
-228
0
75
461
638
720
759
777
785
789
790
-1023
-945
-555
-376
-294
-257
-241
-233
-230
-227
0
74
460
638
720
759
777
785
789
791
-1023
-945
-553
-376
-294
-257
-241
-233
-229
-228
0
74
460
638
720
759
777
785
789
790
-1023
-945
-555
-375
-294
-257
-241
-233
-230
-228
0
74
460
638
721
759
777
785
789
791
-1023
-945
-555
-375
-294
-257
-240
-233
-229
-228
0
74
460
638
720
759
777
785
789
791
-1023
-944
-554
-376
-294
-256
-241
-233
-229
-228
0
73
460
638
721
759
777
785
789
791
-1023
-944
-554
-376
-294
-257
-241
-233
-229
-228
0
74
460
638
721
759
776
785
789
790
-1023
-944
-555
-370
-292
-256
-240
-233
-229
-227
0
73
460
639
721
759
777
785
789
791
-1023
-945
-555
-376
-295
-258
-240
-233
-230
-227
0
74
460
645
724
760
777
786
789
791
-1023
-944
-555
-376
-294
-257
-240
-233
-229
-228
0
73
460
638
721
759
777
785
789
791
-1023
-944
-555
-376
-294
-257
-240
-233
-229
-228
0
73
460
638
720
759
777
785
789
791
-1023
-944
-555
-376
-294
-257
-241
-233
-228
-228
0
73
459
638
721
759
777
785
789
791
-1023
-944
-555
-376
-295
-257
-241
-233
-230
-228
0
74
460
638
721
759
777
785
789
791
-1023
-943
-555
-376
-295
-258
-241
-232
-230
-228
0
73
460
638
722
760
777
785
789
791
-1023
-944
-555
-376
-295
-256
-241
-233
-229
-227
0
73
460
638
721
759
777
785
789
791
-1023
-911
-540
-369
-291
-256
-240
-233
-230
-228
0
73
460
638
721
761
778
785
789
791
-1023
-944
-555
-376
-294
-257
-240
-233
-229
-228
0
80
463
640
721
759
776
785
789
791
-1023
-944
-555
-376
-295
-258
-241
-233
-229
-228
0
73
460
639
721
759
777
785
789
791
-1023
-943
-555
-376
-295
-257
-241
-233
-230
-228
0
72
459
638
721
759
777
785
789
791
-1023
-944
-555
-376
-295
-258
-241
-233
-230
-228
0
72
459
638
721
760
778
786
789
791
-1023
-943
-555
-376
-294
-258
-241
-233
-230
-228
0
72
459
638
722
759
777
785
789
791
-1023
-943
-555
-376
-295
-257
-241
-233
-230
-227
0
72
459
638
721
759
777
785
789
791
* STOP SAMPLES
* START SAMPLES
-226
-226
-226
-227
-226
-226
-225
-225
-226
-226
0
75
461
638
721
758
776
785
788
790
-1023
-946
-554
-375
-291
-256
-240
-233
-229
-228
0
75
461
638
721
758
776
785
789
791
-1023
-945
-554
-375
-294
-257
-241
-233
-229
-228
0
75
461
638
724
760
778
786
789
791
-1023
-945
-555
-376
-294
-256
-241
-234
-231
-228
0
75
460
638
720
758
776
785
789
790
-1023
-945
-554
-376
-294
-257
-241
-233
-229
-228
0
76
461
638
720
759
776
785
789
790
-1023
-945
-554
-376
-294
-257
-241
-233
-230
-228
0
74
460
638
720
759
777
785
788
791
-1023
-945
-555
-376
-294
-257
-240
-232
-229
-227
0
73
460
638
720
759
776
785
789
790
-1023
-944
-555
-376
-294
-257
-240
-233
-229
-228
0
74
460
638
721
759
777
785
789
791
-1023
-944
-555
-376
-294
-257
-241
-233
-229
-228
0
74
460
638
721
759
777
785
789
792
-1023
-912
-540
-369
-291
-256
-240
-233
-230
-229
0
74
460
638
721
759
777
785
789
791
-1023
-944
-555
-376
-295
-257
-241
-233
-230
-228
0
106
474
645
724
760
777
785
789
791
-1023
-944
-555
-376
-294
-257
-241
-233
-230
-228
0
73
460
638
721
759
777
785
788
790
-1023
-944
-555
-376
-295
-258
-241
-233
-229
-227
0
72
459
638
721
759
777
785
789
791
-1023
-944
-555
-376
-295
-257
-241
-233
-230
-228
0
73
459
638
721
759
777
785
789
791
-1023
-944
-555
-376
-295
-258
-240
-233
-229
-228
0
73
460
638
721
760
777
785
789
791
-1023
-945
-555
-376
-294
-256
-241
-233
-229
-228
0
73
460
638
721
759
777
785
789
791
-1023
-944
-555
-376
-295
-257
-241
-233
-230
-228
0
74
460
638
721
759
777
785
789
791
-1023
-943
-555
-376
-295
-258
-240
-233
-229
-227
0
73
460
645
724
761
777
785
789
790
-1023
-943
-554
-375
-295
-258
-241
-233
-229
-228
0
72
459
638
721
759
777
785
789
790
-1023
-944
-555
-370
-292
-256
-240
-233
-229
-228
0
72
459
638
721
759
777
785
789
791
-1023
-944
-555
-376
-295
-258
-240
-233
-230
-228
0
73
460
638
721
759
777
785
789
791
-1023
-943
-555
-376
-294
-257
-241
-233
-229
-228
0
73
459
638
721
759
777
785
789
791
-1023
-944
-554
-377
-295
-258
-241
-233
-229
-228
0
73
460
638
722
759
777
785
789
791
-1023
-943
-555
-376
-295
-257
-241
-233
-229
-228
0
72
459
638
721
759
777
785
789
791
-1023
-944
-555
-377
-295
-258
-241
-233
-230
-228
0
72
459
639
722
759
777
786
789
791
* STOP SAMPLES
* START SAMPLES
-227
-226
-227
-226
-227
-226
-226
-226
-226
-226
0
76
461
638
720
758
776
785
789
791
-1023
-946
-554
-375
-294
-257
-241
-233
-229
-228
0
76
461
638
720
758
776
784
788
790
-1023
-946
-554
-375
-293
-257
-240
-233
-229
-228
0
76
461
638
720
759
776
785
789
791
-1023
-945
-555
-375
-294
-257
-240
-233
-229
-228
0
75
460
638
720
759
777
785
789
791
-1023
-945
-554
-375
-294
-257
-241
-233
-229
-227
0
76
461
639
721
759
777
785
789
791
-1023
-945
-554
-376
-295
-258
-241
-233
-230
-227
0
74
460
638
721
759
776
785
789
791
-1023
-945
-555
-376
-294
-257
-240
-233
-229
-228
0
74
460
638
721
759
777
785
789
791
-1023
-945
-555
-376
-294
-257
-241
-233
-230
-228
0
74
460
637
720
758
777
784
788
790
-1023
-945
-554
-376
-294
-256
-240
-232
-229
-227
0
75
460
638
724
760
778
785
789
790
-1023
-945
-555
-376
-294
-257
-241
-233
-229
-228
0
74
460
639
721
759
777
786
789
791
-1023
-944
-555
-376
-291
-256
-240
-233
-228
-228
0
74
460
638
721
759
777
786
789
791
-1023
-944
-555
-376
-295
-258
-242
-234
-230
-228
0
73
460
638
721
759
777
785
789
790
-1023
-945
-555
-375
-295
-258
-241
-232
-230
-228
0
74
460
638
721
759
777
785
789
791
-1023
-943
-555
-376
-295
-257
-241
-233
-230
-228
0
73
459
638
721
759
777
785
788
791
-1023
-944
-555
-376
-295
-257
-240
-232
-229
-228
0
73
460
638
722
759
777
785
789
791
-1023
-944
-555
-375
-295
-257
-241
-233
-230
-228
0
73
459
638
721
760
777
785
789
790
-1023
-943
-555
-376
-295
-258
-241
-232
-229
-228
0
106
475
645
724
761
778
786
790
791
-1023
-944
-555
-376
-295
-258
-239
-234
-230
-229
0
73
460
638
721
759
777
785
789
791
-1023
-912
-540
-369
-291
-256
-239
-233
-229
-228
0
73
460
638
721
759
777
785
789
791
-1023
-944
-555
-376
-295
-258
-241
-233
-229
-228
0
73
459
638
721
759
777
785
788
790
-1023
-943
-555
-377
-295
-258
-240
-233
-229
-227
0
73
459
638
721
759
777
786
789
791
-1023
-943
-555
-376
-295
-258
-240
-233
-229
-228
0
72
459
638
721
760
777
785
789
791
-1023
-944
-555
-376
-295
-258
-241
-232
-230
-228
0
73
459
638
721
759
778
785
789
791
-1023
-944
-555
-376
-294
-257
-241
-233
-229
-229
0
73
459
638
721
759
777
785
789
791
-1023
-944
-555
-377
-295
-258
-240
-233
-229
-228
0
73
460
638
721
760
777
785
789
791
* STOP SAMPLES
* START SAMPLES
-226
-227
-225
-227
-226
-226
-226
-226
-226
-226
0
89
467
641
721
759
776
785
788
790
-1023
-944
-554
-375
-294
-256
-240
-233
-229
-228
0
75
461
638
720
758
776
784
788
790
-1023
-937
-551
-373
-292
-257
-241
-232
-229
-228
0
75
460
638
720
758
777
785
789
790
-1023
-945
-554
-376
-294
-257
-241
-233
-230
-228
0
76
460
638
720
758
776
785
789
791
-1023
-946
-555
-376
-294
-257
-240
-233
-229
-228
0
74
461
638
720
759
776
785
789
791
-1023
-945
-555
-376
-294
-257
-241
-232
-229
-228
0
74
460
638
721
758
777
785
789
791
-1023
-945
-554
-376
-294
-257
-241
-233
-229
-228
0
74
460
638
721
759
777
785
789
790
-1023
-945
-555
-376
-294
-258
-241
-233
-229
-228
0
74
474
645
724
760
777
786
789
791
-1023
-944
-555
-376
-294
-258
-240
-233
-229
-228
0
74
460
638
721
759
777
785
789
791
-1023
-945
-540
-369
-291
-255
-240
-233
-229
-228
0
74
460
637
721
758
776
785
789
790
-1023
-945
-555
-375
-294
-257
-241
-233
-230
-227
0
73
459
638
721
760
777
785
789
790
-1023
-945
-555
-376
-293
-257
-241
-233
-229
-228
0
73
460
639
721
759
777
785
789
791
-1023
-944
-555
-376
-295
-257
-241
-233
-229
-228
0
73
460
638
721
759
777
786
789
791
-1023
-945
-555
-377
-295
-258
-241
-233
-230
-228
0
73
459
638
721
759
777
785
790
791
-1023
-944
-555
-376
-294
-258
-241
-233
-230
-228
0
73
459
638
721
759
777
785
789
791
-1023
-945
-555
-377
-295
-257
-241
-233
-230
-228
0
73
460
638
721
759
776
785
788
790
-1023
-943
-555
-376
-291
-255
-240
-233
-228
-228
0
73
460
638
721
759
777
785
789
791
-1023
-944
-555
-376
-295
-258
-241
-233
-230
-228
0
72
459
638
724
760
778
785
789
791
-1023
-944
-555
-376
-295
-258
-241
-233
-229
-228
0
73
459
638
721
760
777
786
790
791
-1023
-943
-555
-377
-295
-259
-241
-234
-230
-228
0
72
459
638
721
759
777
785
789
791
-1023
-943
-555
-376
-295
-257
-241
-233
-229
-228
0
72
459
638
721
759
777
785
789
791
-1023
-943
-554
-376
-295
-257
-241
-233
-229
-228
0
73
459
638
721
759
777
785
788
790
-1023
-944
-555
-375
-294
-257
-240
-232
-229
-228
0
71
459
638
721
759
777
785
789
791
-1023
-944
-556
-376
-295
-258
-240
-233
-229
-228
0
72
459
638
721
759
777
785
789
791
-1023
-911
-540
-369
-290
-256
-240
-233
-230
-228
0
73
460
638
721
759
778
786
790
791
* STOP SAMPLES
* START SAMPLES
-226
-226
-226
-226
-227
-227
-227
-227
-227
-226
0
109
476
645
723
760
777
785
789
791
-1023
-947
-554
-374
-293
-257
-239
-233
-229
-228
0
76
461
638
720
758
776
785
788
791
-1023
-946
-555
-375
-294
-257
-240
-233
-229
-228
0
75
461
638
720
759
777
785
788
790
-1023
-945
-554
-375
-294
-257
-241
-233
-230
-228
0
75
460
638
720
758
777
784
789
790
-1023
-945
-555
-376
-294
-256
-240
-233
-229
-228
0
75
460
638
720
759
776
785
789
791
-1023
-944
-555
-376
-294
-258
-239
-233
-229
-228
0
75
461
638
720
758
777
785
789
792
-1023
-946
-555
-375
-295
-257
-241
-233
-229
-228
0
74
460
637
721
758
777
785
789
791
-1023
-946
-555
-376
-294
-257
-241
-233
-230
-227
0
74
460
638
721
759
777
785
789
790
-1023
-944
-554
-376
-295
-257
-241
-233
-229
-226
0
73
460
638
721
759
776
785
789
790
-1023
-944
-555
-369
-292
-256
-239
-233
-229
-228
0
73
460
638
721
760
777
785
789
791
-1023
-944
-555
-376
-295
-257
-241
-233
-230
-228
0
74
460
645
724
760
778
786
789
791
-1023
-944
-555
-376
-294
-257
-241
-233
-230
-228
0
74
460
638
721
759
777
785
789
792
-1023
-946
-555
-376
-295
-258
-241
-234
-230
-228
0
74
460
638
721
759
777
785
789
791
-1023
-944
-555
-376
-294
-257
-241
-233
-228
-228
0
73
459
638
721
759
777
785
789
790
-1023
-944
-555
-376
-295
-257
-241
-232
-229
-227
0
72
459
638
721
760
777
785
789
790
-1023
-943
-555
-376
-295
-258
-241
-233
-229
-228
0
73
459
638
721
759
777
785
789
791
-1023
-943
-555
-376
-294
-258
-241
-234
-229
-228
0
72
459
638
721
759
777
785
789
791
-1023
-910
-540
-369
-291
-256
-240
-232
-229
-228
0
73
459
637
721
760
778
785
789
791
-1023
-944
-555
-375
-294
-257
-241
-233
-230
-228
0
81
463
640
722
760
777
785
789
790
-1023
-943
-555
-376
-294
-257
-240
-233
-229
-228
0
73
459
638
721
759
777
786
789
791
-1023
-943
-555
-376
-295
-258
-241
-233
-228
-228
0
72
459
638
722
760
777
785
790
791
-1023
-942
-555
-377
-296
-258
-241
-234
-230
-228
0
73
460
638
721
759
778
785
789
791
-1023
-943
-555
-377
-295
-256
-241
-233
-229
-228
0
72
459
638
720
759
777
786
790
791
-1023
-945
-554
-377
-295
-258
-241
-233
-230
-229
0
73
459
638
721
759
777
785
788
791
-1023
-943
-555
-376
-294
-257
-240
-233
-230
-228
0
72
459
638
721
759
777
785
789
791
* STOP SAMPLES
* START SAMPLES
-227
-227
-227
-227
-227
-226
-226
-226
-226
-226
0
75
461
638
720
757
776
784
788
790
-1023
-946
-554
-375
-294
-257
-241
-233
-230
-228
0
76
460
638
724
761
778
785
789
791
-1023
-946
-554
-375
-294
-258
-241
-233
-228
-227
0
75
461
638
721
758
776
784
788
790
-1023
-946
-555
-375
-294
-258
-241
-233
-229
-227
0
75
461
638
720
758
776
785
788
791
-1023
-944
-554
-375
-294
-257
-240
-232
-229
-227
0
75
460
638
720
758
776
784
789
791
-1023
-946
-555
-376
-294
-256
-241
-233
-230
-228
0
74
460
638
720
759
777
785
788
790
-1023
-944
-554
-376
-294
-257
-241
-233
-229
-227
0
74
460
638
720
759
776
785
789
790
-1023
-945
-555
-376
-294
-258
-241
-233
-230
-228
0
74
460
638
721
759
778
786
789
791
-1023
-912
-540
-369
-290
-255
-240
-232
-229
-228
0
74
460
638
721
759
778
785
790
790
-1023
-945
-555
-376
-295
-257
-241
-234
-230
-228
0
106
474
645
724
760
777
785
789
791
-1023
-945
-555
-376
-294
-257
-240
-233
-229
-227
0
73
460
638
721
759
777
784
788
790
-1023
-944
-555
-376
-294
-256
-240
-233
-228
-228
0
74
460
638
720
758
777
785
789
791
-1023
-944
-555
-376
-294
-257
-241
-233
-229
-228
0
74
460
638
721
759
777
785
790
790
-1023
-944
-555
-376
-294
-257
-241
-233
-229
-228
0
74
460
638
721
759
777
785
789
792
-1023
-943
-555
-376
-294
-257
-240
-234
-230
-228
0
73
460
639
721
760
777
785
789
791
-1023
-944
-555
-376
-294
-257
-240
-233
-230
-229
0
73
460
638
722
759
777
785
789
791
-1023
-943
-554
-375
-295
-257
-241
-233
-229
-227
0
73
460
645
724
760
777
785
789
790
-1023
-943
-555
-375
-294
-258
-241
-234
-230
-228
0
73
459
638
721
760
777
785
789
791
-1023
-944
-555
-369
-292
-256
-240
-233
-229
-227
0
72
459
638
722
759
777
785
789
791
-1023
-944
-555
-376
-294
-257
-241
-233
-229
-228
0
73
459
638
721
759
777
786
790
791
-1023
-944
-555
-377
-295
-258
-241
-233
-230
-228
0
73
459
638
722
759
777
785
788
790
-1023
-944
-555
-377
-295
-257
-241
-233
-229
-228
0
73
460
639
721
759
777
785
788
791
-1023
-943
-555
-376
-295
-257
-240
-233
-229
-228
0
72
459
638
722
760
777
785
789
790
-1023
-943
-555
-376
-295
-258
-241
-233
-229
-227
0
73
459
638
721
759
777
784
789
791
-1023
-943
-555
-376
-295
-257
-241
-233
-230
-228
0
104
474
645
724
761
778
786
789
791
* STOP SAMPLES
* START SAMPLES
-226
-226
-226
-226
-226
-226
-226
-226
-226
-227
0
78
461
638
720
758
776
784
789
790
-1023
-946
-554
-375
-294
-257
-240
-233
-229
-228
0
75
461
638
720
758
776
785
789
790
-1023
-945
-554
-375
-294
-257
-240
-232
-229
-228
0
76
461
638
720
758
776
785
789
791
-1023
-945
-555
-376
-294
-257
-241
-233
-230
-227
0
74
460
638
721
759
776
785
789
791
-1023
-946
-555
-375
-294
-257
-240
-233
-229
-227
0
75
460
638
720
759
776
785
789
791
-1023
-946
-555
-376
-295
-257
-240
-233
-229
-228
0
74
460
638
720
759
777
785
789
791
-1023
-946
-555
-376
-294
-257
-240
-233
-229
-228
0
107
475
645
723
760
777
785
789
791
-1023
-945
-555
-376
-294
-257
-240
-232
-229
-228
0
74
460
638
721
759
777
785
789
791
-1023
-913
-540
-369
-290
-256
-240
-232
-229
-228
0
74
460
638
721
759
777
785
789
791
-1023
-945
-555
-376
-295
-256
-241
-233
-230
-228
0
73
460
638
721
759
777
786
789
791
-1023
-945
-555
-376
-295
-258
-241
-233
-230
-227
0
74
460
638
721
759
777
785
789
791
-1023
-945
-555
-376
-294
-257
-241
-233
-229
-228
0
73
459
638
721
759
777
785
789
791
-1023
-945
-555
-376
-294
-257
-240
-232
-229
-228
0
74
460
638
720
758
776
785
789
791
-1023
-944
-555
-376
-295
-257
-241
-233
-230
-227
0
72
459
638
721
759
777
785
789
791
-1023
-944
-555
-376
-295
-257
-241
-232
-230
-228
0
73
460
638
721
759
777
785
789
791
-1023
-944
-555
-370
-291
-256
-240
-233
-230
-228
0
73
459
638
721
760
778
785
790
791
-1023
-944
-555
-376
-294
-257
-241
-233
-230
-228
0
73
460
645
724
760
777
785
789
791
-1023
-944
-555
-376
-295
-257
-241
-233
-229
-228
0
72
459
638
721
759
777
785
789
791
-1023
-943
-555
-376
-294
-257
-240
-233
-228
-228
0
73
459
638
721
759
776
784
788
790
-1023
-944
-555
-376
-295
-258
-240
-233
-229
-228
0
72
459
638
721
759
777
785
789
791
-1023
-943
-555
-376
-295
-257
-241
-233
-229
-228
0
73
459
638
721
760
777
785
789
791
-1023
-944
-555
-376
-295
-258
-241
-234
-230
-229
0
72
459
638
721
759
777
786
790
791
-1023
-944
-555
-377
-295
-258
-241
-233
-230
-228
0
72
459
638
721
759
777
785
789
791
-1023
-912
-540
-370
-292
-256
-240
-233
-229
-228
0
72
459
638
721
761
778
786
789
791
-1023
-944
-555
-376
-295
-257
-240
-233
-229
-228
0
80
463
640
722
759
777
785
788
790
* STOP SAMPLES
